{"nbformat":4,"nbformat_minor":0,"metadata":{"colab":{"name":"hw_2_matrix.ipynb","provenance":[],"collapsed_sections":[],"authorship_tag":"ABX9TyNUOoPWdFApMd59Lq0CRocP"},"kernelspec":{"name":"python3","display_name":"Python 3"},"language_info":{"name":"python"}},"cells":[{"cell_type":"markdown","metadata":{"id":"QesGv_cg86Os"},"source":["● Создайте случайную матрицу А1 размерностью 5 на 5\n","\n","● Транспонируйте матрицу A1\n","\n","● Найдите обратную матрицу для А1\n","\n","● Создайте диагональную матрицу - поэлементно перемножив единичную\n","матрицу I и случайную матрицу A2 размерности 4 на 4\n","\n","● Создайте нулевую матрицу размерности 3 на 3\n","\n","● Для всех полученных матриц найдите: определитель, ранг и собственные\n","значения\n","\n","● Проанализируйте результаты"]},{"cell_type":"code","metadata":{"colab":{"base_uri":"https://localhost:8080/"},"id":"o7d-liCU8vNT","executionInfo":{"status":"ok","timestamp":1635878930046,"user_tz":-240,"elapsed":400,"user":{"displayName":"Сергей Ощепков","photoUrl":"https://lh3.googleusercontent.com/a/default-user=s64","userId":"03441214959068953559"}},"outputId":"0830d4e3-2f32-45e6-ea40-9a31ed4b0158"},"source":["import numpy as np\n","\n","A1 = np.random.random([5,5])\n","A1"],"execution_count":11,"outputs":[{"output_type":"execute_result","data":{"text/plain":["array([[0.52417436, 0.66433111, 0.03303538, 0.09937226, 0.84214832],\n","       [0.61942255, 0.57281404, 0.38034659, 0.76815126, 0.52274333],\n","       [0.51152041, 0.7585552 , 0.94752027, 0.05035935, 0.2910821 ],\n","       [0.17601496, 0.94128278, 0.92437283, 0.54876355, 0.50899907],\n","       [0.88126413, 0.71679703, 0.37249083, 0.21893924, 0.84781171]])"]},"metadata":{},"execution_count":11}]},{"cell_type":"code","metadata":{"colab":{"base_uri":"https://localhost:8080/"},"id":"YiaHW40K9cqs","executionInfo":{"status":"ok","timestamp":1635878932562,"user_tz":-240,"elapsed":435,"user":{"displayName":"Сергей Ощепков","photoUrl":"https://lh3.googleusercontent.com/a/default-user=s64","userId":"03441214959068953559"}},"outputId":"4ccd590a-a300-4327-80c6-ccef87cd9a56"},"source":["A1.T"],"execution_count":12,"outputs":[{"output_type":"execute_result","data":{"text/plain":["array([[0.52417436, 0.61942255, 0.51152041, 0.17601496, 0.88126413],\n","       [0.66433111, 0.57281404, 0.7585552 , 0.94128278, 0.71679703],\n","       [0.03303538, 0.38034659, 0.94752027, 0.92437283, 0.37249083],\n","       [0.09937226, 0.76815126, 0.05035935, 0.54876355, 0.21893924],\n","       [0.84214832, 0.52274333, 0.2910821 , 0.50899907, 0.84781171]])"]},"metadata":{},"execution_count":12}]},{"cell_type":"code","metadata":{"colab":{"base_uri":"https://localhost:8080/"},"id":"aYOhyyEL-dMi","executionInfo":{"status":"ok","timestamp":1635878966228,"user_tz":-240,"elapsed":394,"user":{"displayName":"Сергей Ощепков","photoUrl":"https://lh3.googleusercontent.com/a/default-user=s64","userId":"03441214959068953559"}},"outputId":"7f2808f5-f30e-47ba-9644-134e1fbc2bd8"},"source":["np.linalg.inv(A1)"],"execution_count":14,"outputs":[{"output_type":"execute_result","data":{"text/plain":["array([[ 0.57562665,  1.53202052,  1.71575521, -2.05947546, -0.86902674],\n","       [ 6.74013136,  3.49834741,  4.79134197, -3.11534524, -8.62679068],\n","       [-4.37360279, -2.53917945, -2.23314137,  2.48192489,  5.18663678],\n","       [-0.4212806 ,  1.27664025, -0.66486122,  0.30057325, -0.32086927],\n","       [-4.26654108, -3.76428554, -4.68153989,  3.60659154,  7.18057586]])"]},"metadata":{},"execution_count":14}]},{"cell_type":"code","metadata":{"colab":{"base_uri":"https://localhost:8080/"},"id":"_7OGeDUG_gJk","executionInfo":{"status":"ok","timestamp":1635880962363,"user_tz":-240,"elapsed":431,"user":{"displayName":"Сергей Ощепков","photoUrl":"https://lh3.googleusercontent.com/a/default-user=s64","userId":"03441214959068953559"}},"outputId":"e70d9f68-d70d-4f7a-c44b-11130e1cd14d"},"source":["I = np.eye(4)\n","A2 = np.random.random([4,4])\n","I*A2"],"execution_count":39,"outputs":[{"output_type":"execute_result","data":{"text/plain":["array([[0.23166416, 0.        , 0.        , 0.        ],\n","       [0.        , 0.57312588, 0.        , 0.        ],\n","       [0.        , 0.        , 0.37242353, 0.        ],\n","       [0.        , 0.        , 0.        , 0.92363011]])"]},"metadata":{},"execution_count":39}]},{"cell_type":"code","metadata":{"colab":{"base_uri":"https://localhost:8080/"},"id":"kwBDgjQaBDlt","executionInfo":{"status":"ok","timestamp":1635879554588,"user_tz":-240,"elapsed":328,"user":{"displayName":"Сергей Ощепков","photoUrl":"https://lh3.googleusercontent.com/a/default-user=s64","userId":"03441214959068953559"}},"outputId":"7a898a37-90f9-4789-e978-9e7249549ae3"},"source":["z = np.zeros([3, 3])\n","z"],"execution_count":22,"outputs":[{"output_type":"execute_result","data":{"text/plain":["array([[0., 0., 0.],\n","       [0., 0., 0.],\n","       [0., 0., 0.]])"]},"metadata":{},"execution_count":22}]},{"cell_type":"code","metadata":{"colab":{"base_uri":"https://localhost:8080/"},"id":"nfP_FdWeBa5f","executionInfo":{"status":"ok","timestamp":1635879853818,"user_tz":-240,"elapsed":422,"user":{"displayName":"Сергей Ощепков","photoUrl":"https://lh3.googleusercontent.com/a/default-user=s64","userId":"03441214959068953559"}},"outputId":"65a9c540-2ebb-4065-ffa2-29a678635dbf"},"source":["print(np.linalg.det(A1))\n","print(np.linalg.matrix_rank(A1))\n","print(np.linalg.eig(A1))"],"execution_count":29,"outputs":[{"output_type":"stream","name":"stdout","text":["-0.03666046063903341\n","5\n","(array([ 2.73094504, -0.42290965,  0.66369538,  0.1495496 ,  0.31980356]), array([[-0.35515394, -0.52743028,  0.40163394, -0.04233403, -0.12988101],\n","       [-0.47093061,  0.68784001, -0.39981233, -0.66118698,  0.60222292],\n","       [-0.39549599, -0.19096705, -0.00889601,  0.46937903, -0.43558762],\n","       [-0.51202685, -0.44715563, -0.68165594, -0.20569708,  0.44826551],\n","       [-0.48321989,  0.11080092,  0.46271625,  0.54627066, -0.47935367]]))\n"]}]},{"cell_type":"code","metadata":{"colab":{"base_uri":"https://localhost:8080/"},"id":"AOT_eRyCCchQ","executionInfo":{"status":"ok","timestamp":1635879911062,"user_tz":-240,"elapsed":367,"user":{"displayName":"Сергей Ощепков","photoUrl":"https://lh3.googleusercontent.com/a/default-user=s64","userId":"03441214959068953559"}},"outputId":"85102236-d1c8-4445-c011-e5daf1f70c70"},"source":["print(np.linalg.det(A1.T))\n","print(np.linalg.matrix_rank(A1.T))\n","print(np.linalg.eig(A1.T))"],"execution_count":32,"outputs":[{"output_type":"stream","name":"stdout","text":["-0.03666046063903334\n","5\n","(array([ 2.73094504, -0.42290965,  0.66369538,  0.31980356,  0.1495496 ]), array([[ 0.46602857,  0.63464142, -0.19127532, -0.18139506, -0.34999074],\n","       [ 0.56226708, -0.52192226,  0.12506917, -0.18663305, -0.27921873],\n","       [ 0.37648565, -0.06347074,  0.79048455, -0.72563457, -0.55688172],\n","       [ 0.27777564,  0.4332027 , -0.05961998,  0.36595113,  0.36849462],\n","       [ 0.49776737, -0.36487574, -0.56511158,  0.52134267,  0.59467458]]))\n"]}]},{"cell_type":"code","metadata":{"colab":{"base_uri":"https://localhost:8080/"},"id":"GkbOcVSWC2G5","executionInfo":{"status":"ok","timestamp":1635879987205,"user_tz":-240,"elapsed":400,"user":{"displayName":"Сергей Ощепков","photoUrl":"https://lh3.googleusercontent.com/a/default-user=s64","userId":"03441214959068953559"}},"outputId":"f50c5ae1-8885-45b8-c4a0-cabfe5753479"},"source":["print(np.linalg.det(np.linalg.inv(A1)))\n","print(np.linalg.matrix_rank(np.linalg.inv(A1)))\n","print(np.linalg.eig(np.linalg.inv(A1)))"],"execution_count":33,"outputs":[{"output_type":"stream","name":"stdout","text":["-27.277344107762573\n","5\n","(array([ 6.68674456, -2.36457122,  3.12691953,  0.36617361,  1.50671533]), array([[-0.04233403, -0.52743028, -0.12988101, -0.35515394,  0.40163394],\n","       [-0.66118698,  0.68784001,  0.60222292, -0.47093061, -0.39981233],\n","       [ 0.46937903, -0.19096705, -0.43558762, -0.39549599, -0.00889601],\n","       [-0.20569708, -0.44715563,  0.44826551, -0.51202685, -0.68165594],\n","       [ 0.54627066,  0.11080092, -0.47935367, -0.48321989,  0.46271625]]))\n"]}]},{"cell_type":"code","metadata":{"colab":{"base_uri":"https://localhost:8080/"},"id":"AFxsQKfDGxID","executionInfo":{"status":"ok","timestamp":1635881014837,"user_tz":-240,"elapsed":312,"user":{"displayName":"Сергей Ощепков","photoUrl":"https://lh3.googleusercontent.com/a/default-user=s64","userId":"03441214959068953559"}},"outputId":"a83d7439-6e64-4a33-dacd-8ee558a6f518"},"source":["print(np.linalg.det(I))\n","print(np.linalg.matrix_rank(I))\n","print(np.linalg.eig(I))"],"execution_count":40,"outputs":[{"output_type":"stream","name":"stdout","text":["1.0\n","4\n","(array([1., 1., 1., 1.]), array([[1., 0., 0., 0.],\n","       [0., 1., 0., 0.],\n","       [0., 0., 1., 0.],\n","       [0., 0., 0., 1.]]))\n"]}]},{"cell_type":"code","metadata":{"colab":{"base_uri":"https://localhost:8080/"},"id":"a-3fSVf_G3l6","executionInfo":{"status":"ok","timestamp":1635881069065,"user_tz":-240,"elapsed":392,"user":{"displayName":"Сергей Ощепков","photoUrl":"https://lh3.googleusercontent.com/a/default-user=s64","userId":"03441214959068953559"}},"outputId":"de74702f-0a1d-4dd4-c06e-f95277c87d00"},"source":["print(np.linalg.det(I*A2))\n","print(np.linalg.matrix_rank(I*A2))\n","print(np.linalg.eig(I*A2))"],"execution_count":42,"outputs":[{"output_type":"stream","name":"stdout","text":["0.045671371143475845\n","4\n","(array([0.23166416, 0.57312588, 0.37242353, 0.92363011]), array([[1., 0., 0., 0.],\n","       [0., 1., 0., 0.],\n","       [0., 0., 1., 0.],\n","       [0., 0., 0., 1.]]))\n"]}]},{"cell_type":"code","metadata":{"colab":{"base_uri":"https://localhost:8080/"},"id":"_rCqG8NQC85d","executionInfo":{"status":"ok","timestamp":1635880027137,"user_tz":-240,"elapsed":380,"user":{"displayName":"Сергей Ощепков","photoUrl":"https://lh3.googleusercontent.com/a/default-user=s64","userId":"03441214959068953559"}},"outputId":"f2f4a121-5a4a-42d0-fdce-088aed4c64a0"},"source":["print(np.linalg.det(z))\n","print(np.linalg.matrix_rank(z))\n","print(np.linalg.eig(z))"],"execution_count":34,"outputs":[{"output_type":"stream","name":"stdout","text":["0.0\n","0\n","(array([0., 0., 0.]), array([[1., 0., 0.],\n","       [0., 1., 0.],\n","       [0., 0., 1.]]))\n"]}]}]}